Time,X,Y,P
0 0.603 0.285 0.011
0.007 0.6015 0.286 0.079
0.007 0.6015 0.286 0.079
0.024 0.597 0.287 0.218
0.04 0.5955 0.286 0.29
0.058 0.5955 0.278 0.386
0.074 0.6 0.265 0.489
0.076 0.6015 0.261 0.515
0.091 0.606 0.245 0.657
0.108 0.612 0.228 0.831
0.123 0.6165 0.212 1
0.141 0.615 0.201 1
0.157 0.6105 0.194 1
0.175 0.6045 0.192 1
0.191 0.5925 0.192 1
0.208 0.5805 0.195 1
0.225 0.5715 0.202 0.646
0.241 0.5655 0.211 0.149
0.249 0.564 0.214 0.024
0.25 NaN NaN NaN
0.386 0.5895 0.339 0.001
0.392 0.5895 0.341 0.249
0.392 0.5895 0.341 0.249
0.409 0.5865 0.342 0.388
0.425 0.5835 0.342 0.337
0.439 0.5835 0.344 0.298
0.44 NaN NaN NaN
