Time,X,Y,P
0 1.104 0.332 0.026
0.001 1.104 0.333 0.095
0.001 1.104 0.333 0.095
0.015 1.1025 0.334 0.284
0.032 1.1025 0.328 0.515
0.048 1.1025 0.318 0.763
0.065 1.104 0.299 0.983
0.083 1.1055 0.284 1
0.098 1.107 0.268 1
0.116 1.107 0.258 1
0.133 1.107 0.253 1
0.149 1.1085 0.253 1
0.165 1.1085 0.256 1
0.182 1.1085 0.268 1
0.199 1.11 0.286 1
0.215 1.113 0.304 1
0.231 1.1145 0.321 1
0.249 1.1175 0.335 1
0.265 1.1205 0.34 1
0.282 1.122 0.338 1
0.299 1.1265 0.328 1
0.316 1.128 0.315 1
0.332 1.131 0.3 1
0.349 1.134 0.282 1
0.365 1.137 0.266 1
0.382 1.1385 0.256 1
0.399 1.1385 0.252 1
0.415 1.1415 0.254 1
0.433 1.1445 0.265 1
0.449 1.152 0.286 1
0.466 1.1595 0.305 1
0.482 1.167 0.319 1
0.5 1.1745 0.324 1
0.516 1.179 0.314 1
0.533 1.182 0.294 1
0.551 1.1835 0.273 1
0.566 1.1835 0.259 1
0.583 1.185 0.248 0.737
0.598 1.1865 0.245 0.216
0.607 1.188 0.244 0.013
0.608 NaN NaN NaN
