Time,X,Y,P
0 0.2505 0.255 0.063
0.014 0.2505 0.259 0.333
0.014 0.2505 0.259 0.333
0.03 0.2505 0.26 0.384
0.047 0.2505 0.256 0.536
0.064 0.2535 0.248 0.622
0.08 0.258 0.232 0.708
0.097 0.2625 0.216 0.769
0.113 0.2685 0.198 0.856
0.129 0.273 0.186 0.894
0.146 0.276 0.174 0.921
0.163 0.279 0.167 0.94
0.18 0.282 0.168 0.958
0.197 0.2835 0.178 0.972
0.213 0.2865 0.193 0.974
0.23 0.2895 0.218 0.97
0.247 0.2925 0.241 0.942
0.263 0.294 0.254 0.845
0.281 0.297 0.262 0.579
0.296 0.297 0.262 0.187
0.307 0.297 0.261 0.001
0.308 NaN NaN NaN
